# Created by Octave 3.4.3, Tue Feb 14 23:33:02 2017 PST <david@everest>
# name: config_parameters
# type: matrix
# rows: 1
# columns: 15
 103 162 70 130 21 14 19.8 20 0 0 3 2 11 0 0


