# Created by Octave 3.4.3, Tue Feb 14 23:14:49 2017 PST <david@everest>
# name: config_parameters
# type: matrix
# rows: 1
# columns: 15
 103 162 70 130 13 11 19.8 20 0 0 3 3 11 0 0


