# Created by Octave 3.4.3, Wed Feb 01 11:33:45 2017 PST <david@everest>
# name: config_parameters
# type: matrix
# rows: 1
# columns: 15
 32 104 25 89 16 12 22.6 21 0.01 0 3 3 9 9 -4


