# Created by Octave 3.4.3, Tue Jan 31 16:23:33 2017 PST <david@everest>
# name: config_parameters
# type: matrix
# rows: 1
# columns: 15
 29 234 20 213 14 16 19.6 18.35 0 0.005 10 10 10 7 -2


