# Created by Octave 3.4.3, Tue Feb 14 22:42:41 2017 PST <david@everest>
# name: config_parameters
# type: matrix
# rows: 1
# columns: 15
 40 248 10 210 16 16 20.5 19.5 0 0 10 10 11 0 0


