# Created by Octave 3.4.3, Mon Feb 06 21:27:45 2017 PST <david@everest>
# name: config_parameters
# type: matrix
# rows: 1
# columns: 15
 29 234 20 213 14 14 19.8 18.35 0 -0.02 10 10 10 7 -2


