# Created by Octave 3.4.3, Sun Feb 19 22:24:31 2017 PST <david@everest>
# name: config_parameters
# type: matrix
# rows: 1
# columns: 15
 69 382 23 319 12 11 32.5 31 0 0 10 10 7 11 17


