# Created by Octave 3.4.3, Sun Feb 19 17:47:23 2017 PST <david@everest>
# name: config_parameters
# type: matrix
# rows: 1
# columns: 15
 69 155 23 105 13 12 32.5 31 0 0 3 3 7 11 17


