# Created by Octave 3.4.3, Sun Feb 19 22:49:32 2017 PST <david@everest>
# name: config_parameters
# type: matrix
# rows: 1
# columns: 15
 72 400 27 325 23 13 32.5 30.05 0 0 10 10 7 11 17


