# Created by Octave 3.4.3, Sun Feb 19 22:36:21 2017 PST <david@everest>
# name: config_parameters
# type: matrix
# rows: 1
# columns: 15
 69 382 23 319 15 9 32.4 30.8 0 0 10 10 7 11 17


