# Created by Octave 3.4.3, Sun Feb 19 17:51:20 2017 PST <david@everest>
# name: config_parameters
# type: matrix
# rows: 1
# columns: 15
 71 160 23 105 14 12 32.5 31 0 0 3 3 7 11 17


