# Created by Octave 3.4.3, Sun Feb 19 21:29:47 2017 PST <david@everest>
# name: config_parameters
# type: matrix
# rows: 1
# columns: 15
 72 160 23 103 12 9 32.5 31 0 0 3 3 7 11 17


